
    Tick   Ticks   Modus   CPU/Tick   CPU/Max   CPU/Raum   CPU/Creep    Bucket-Ø   Bucket-Min   Räume   Creeps
--------------------------------------------------------------------------------------------------------------
82060047     100    full       9.28     17.28       1.03        0.20        6825            7    9.00    46.47
82060147     100    full       9.98     17.37       1.11        0.22         774          329    9.00    45.60
82060247     100    full       8.92     16.40       0.99        0.21        1741         1241    9.00    42.67
82060347     100    full       9.36     17.44       1.04        0.22        2765         2254    9.00    43.43
82060447     100    full      10.30     16.91       1.14        0.23        3650         3224    9.00    44.17
82060547     100    full       9.40     15.99       1.04        0.21        4568         4104    9.00    45.12
82060647     100    full       9.34     17.14       1.04        0.21        5569         5073    9.00    44.95
82060747     100    full       9.79     16.08       1.09        0.22        6505         6048    9.00    44.09
82060847     100    full       9.03     16.30       1.00        0.21        7471         6981    9.00    43.48
82060947     100    full       8.98     15.93       1.00        0.21        8499         7989    9.00    43.62
82061047     100    full       8.99     15.17       1.00        0.21        9482         9003    9.00    43.05
82061147     100    full       8.27     16.60       0.92        0.20         738           11    9.00    41.61
82061247     100    full       8.78     16.90       0.98        0.21        1597         1074    9.00    42.55
82061347     100    full       9.25     16.81       1.03        0.21        2590         2102    9.00    43.55
82061447     100    full       9.51     20.52       1.06        0.22        3549         3089    9.00    43.11
82061547     100    full       8.97     15.92       1.00        0.21        4557         4045    9.00    42.88
82061647     100    full       9.56     17.70       1.06        0.22        5533         5063    9.00    43.07
82061747     100    full       8.79     15.04       0.98        0.21        6526         6021    9.00    42.30
82061847     100    full       8.34     18.79       0.93        0.21        7587         7057    9.00    39.69
82061947     100    full       7.95     13.41       0.88        0.21        8689         8137    9.00    38.19
82062047     100    full       7.87     14.33       0.87        0.20        6620            8    9.00    39.72
82062147     100    full       8.48     14.70       0.94        0.21         904          375    9.00    39.87
82062247     100    full       8.26     13.92       0.92        0.20        1978         1441    9.00    40.34
82062347     100    full       8.55     15.32       0.95        0.20        3053         2526    9.00    41.97
82062447     100    full       8.98     16.52       1.00        0.22        4087         3582    9.00    40.03
82062547     100    full       8.79     14.64       0.98        0.23        5109         4604    9.00    38.62
82062647     100    full       8.36     14.88       0.93        0.22        6192         5641    9.00    38.17
82062747     100    full       8.60     15.61       0.96        0.22        7239         6722    9.00    39.09
82062847     100    full       8.61     15.39       0.96        0.22        8292         7771    9.00    39.48
82062947     100    full       8.83     16.12       0.98        0.22        9338         8827    9.00    39.75
82063047     100    full       8.39     15.57       0.93        0.21        1990           12    9.00    39.66
82063147     100    full       9.19     18.94       1.02        0.23        1395          913    9.00    40.00
82063247     100    full       9.08     15.97       1.01        0.22        2396         1905    9.00    40.62
82063347     100    full       8.81     15.40       0.98        0.22        3423         2909    9.00    40.37
82063447     100    full       8.50     14.55       0.94        0.22        4458         3942    9.00    38.05
82063547     100    full       7.51     12.49       0.83        0.21        5584         5005    9.00    36.56
82063647     100    full       8.39     16.84       0.93        0.21        6689         6167    9.00    40.21
82063747     100    full       8.54     14.88       0.95        0.21        7761         7239    9.00    40.90
82063847     100    full       8.80     19.31       0.98        0.20        8809         8299    9.00    43.99
82063947     100    full       7.80     13.50       0.87        0.18        6272           13    9.00    42.60
82064047     100    full       9.19     16.49       1.02        0.21         925          434    9.00    43.95
82064147     100    full       8.77     15.46       0.97        0.20        1941         1427    9.00    43.84
82064247     100    full       8.28     15.25       0.92        0.18        3005         2461    9.00    45.01
82064347     100    full       8.52     15.44       0.95        0.19        4068         3547    9.00    45.41
82064447     100    full       8.77     16.05       0.97        0.19        5122         4609    9.00    45.79
82064547     100    full       8.66     14.73       0.96        0.19        6162         5648    9.00    46.31
82064647     100    full       9.79     18.29       1.09        0.20        7153         6689    9.00    49.38
82064747     100    full       9.24     16.11       1.03        0.19        8103         7621    9.00    49.51
82064847     100    full       9.35     16.37       1.04        0.19        9100         8611    9.00    50.13
82064947     100    full       9.51     16.46       1.06        0.18        4841            6    9.00    52.32
82065047     100    full       9.64     18.16       1.07        0.19         995          534    9.00    51.62
82065147     100    full       8.65     15.67       0.96        0.17        2012         1481    9.00    51.11
82065247     100    full       9.73     16.81       1.08        0.19        2995         2526    9.00    51.01
82065347     100    full       9.86     17.38       1.10        0.21        3916         3461    9.00    46.09
82065447     100    full       9.14     16.52       1.02        0.20        4887         4391    9.00    46.63
82065547     100    full      10.01     18.21       1.11        0.22        5836         5390    9.00    45.82
82065647     100    full       9.15     16.16       1.02        0.21        6784         6302    9.00    44.18
82065747     100    full       8.87     14.83       0.99        0.20        7799         7302    9.00    44.99
82065847     100    full       9.80     17.92       1.09        0.21        8811         8328    9.00    46.06
82065947     100    full      10.15     16.14       1.13        0.21        8296           11    9.00    47.60
82066047     100    full       9.04     16.74       1.00        0.19         643          145    9.00    47.50
82066147     100    full       9.66     16.82       1.07        0.21        1625         1149    9.00    45.56
82066247     100    full       9.91     17.76       1.10        0.21        2536         2093    9.00    46.45
82066347     100    full       8.37     17.38       0.93        0.19        3539         3015    9.00    44.91
82066447     100    full       9.83     15.57       1.09        0.22        4574         4092    9.00    45.26
82066547     100    full      10.22     18.77       1.14        0.22        5443         5019    9.00    46.96
82066647     100    full       9.32     17.28       1.04        0.21        6393         5910    9.00    44.79
82066747     100    full       9.25     14.89       1.03        0.21        7377         6887    9.00    44.02
82066847     100    full       9.54     17.03       1.06        0.21        8350         7875    9.00    44.85
82066947     100    full       9.52     19.73       1.06        0.20        9303         8835    9.00    48.06
82067047     100    full       9.93     18.05       1.10        0.21        2654           11    9.00    48.23
82067147     100    full      10.50     16.66       1.17        0.23        1110          699    9.00    46.09
82067247     100    full       9.27     14.68       1.03        0.20        2044         1562    9.00    47.25
82067347     100    full       9.62     17.80       1.07        0.20        3023         2541    9.00    47.74
82067447     100    full       9.97     17.75       1.11        0.21        3938         3490    9.00    48.47
82067547     100    full       9.65     15.74       1.07        0.19        4872         4403    9.00    49.65
82067647     100    full      10.10     16.35       1.12        0.20        5801         5348    9.00    49.93
82067747     100    full      10.31     18.91       1.15        0.21        6685         6248    9.00    49.79
82067847     100    full       9.72     18.18       1.08        0.19        7584         7124    9.00    50.11
82067947     100    full       9.31     16.46       1.03        0.19        8548         8060    9.00    49.13
82068047     100    full       9.99     17.30       1.11        0.20        9482         9036    9.00    49.32
82068147     100    full       9.18     17.47       1.02        0.19        1152           11    9.00    49.15
82068247     100    full       9.55     16.47       1.06        0.20        1419          934    9.00    48.22
82068347     100    full       9.09     15.92       1.01        0.19        2374         1888    9.00    47.45
82068447     100    full       8.75     15.97       0.97        0.19        3405         2891    9.00    45.63
82068547     100    full       9.23     16.51       1.03        0.20        4430         3927    9.00    45.03
82068647     100    full      10.41     21.07       1.16        0.22        5345         4914    9.00    48.07
82068747     100    full       9.27     15.76       1.03        0.20        6273         5790    9.00    46.17
82068847     100    full       9.55     14.92       1.06        0.21        7255         6777    9.00    45.44
82068947     100    full      10.24     16.57       1.14        0.22        8182         7732    9.00    46.60
82069047     100    full       9.94     16.49       1.10        0.21        9070         8619    9.00    46.43
82069147     100    full       9.09     16.78       1.01        0.20        5111           11    9.00    45.94
82069247     100    full       9.41     17.69       1.05        0.21        1016          533    9.00    44.45
82069347     100    full       8.97     15.75       1.00        0.20        2007         1504    9.00    44.59
82069447     100    full       9.24     17.84       1.03        0.20        3015         2520    9.00    46.04
82069547     100    full       9.53     16.36       1.06        0.21        3970         3506    9.00    44.67
82069647     100    full       9.06     15.21       1.01        0.20        4962         4467    9.00    44.33
82069747     100    full       9.44     16.05       1.05        0.21        5962         5474    9.00    45.18
82069847     100    full       9.61     16.35       1.07        0.21        6908         6440    9.00    44.75
82069947     100    full       8.75     17.07       0.97        0.20        7890         7391    9.00    43.95
82070047     100    full       9.28     23.97       1.03        0.20        8927         8422    9.00    45.52
82070147     100    full      10.82     20.14       1.20        0.22        7506            9    9.00    48.58
82070247     100    full       9.53     15.78       1.06        0.21         716          234    9.00    46.44
82070347     100    full       9.91     19.62       1.10        0.22        1655         1191    9.00    44.53
82070447     100    full      10.01     22.24       1.11        0.22        2568         2112    9.00    44.85
82070547     100    full      10.26     18.42       1.14        0.22        3442         3016    9.00    46.49
82070647     100    full       9.61     19.77       1.07        0.20        4374         3898    9.00    47.24
82070747     100    full       8.31     15.00       0.92        0.18        5374         4851    9.00    45.77
82070847     100    full       9.17     16.80       1.02        0.19        6433         5932    9.00    48.26
82070947     100    full       9.67     16.31       1.07        0.20        7400         6923    9.00    48.28
82071047     100    full       9.72     16.65       1.08        0.20        8325         7869    9.00    48.31
82071147     100    full       9.72     18.62       1.08        0.20        9262         8806    9.00    48.78
82071247     100    full       8.73     18.15       0.97        0.18        2958           12    9.00    47.73
82071347     100    full       9.57     17.22       1.06        0.20        1249          775    9.00    47.63
82071447     100    full       9.19     18.45       1.02        0.20        2220         1732    9.00    46.98
82071547     100    full       8.33     15.61       0.93        0.19        3254         2724    9.00    44.13
82071647     100    full       9.55     17.02       1.06        0.22        4284         3802    9.00    44.31
82071747     100    full       9.24     15.76       1.03        0.21        5246         4758    9.00    43.90
82071847     100    full       8.82     14.34       0.98        0.20        6263         5749    9.00    43.83
82071947     100    full       9.84     15.92       1.09        0.23        7239         6779    9.00    43.52
82072047     100    full       9.35     15.42       1.04        0.21        8197         7707    9.00    43.56
82072147     100    full       9.54     16.40       1.06        0.22        9151         8680    9.00    43.71
82072247     100    full       8.51     14.60       0.95        0.20        3949            9    9.00    42.54
82072347     100    full       8.52     16.46       0.95        0.22        1211          686    9.00    39.65
82072447     100    full       8.57     14.00       0.95        0.21        2268         1746    9.00    41.53
82072547     100    full       9.06     16.48       1.01        0.21        3297         2800    9.00    42.84
82072647     100    full       9.50     25.59       1.06        0.21        4283         3807    9.00    45.40
82072747     100    full       9.67     16.33       1.07        0.21        5229         4769    9.00    46.00
82072847     100    full       9.73     16.42       1.08        0.21        6179         5713    9.00    46.39
82072947     100    full       9.16     15.43       1.02        0.20        7139         6651    9.00    45.44
82073047     100    full       9.09     15.50       1.01        0.20        8141         7643    9.00    46.02
82073147     100    full       9.31     18.95       1.03        0.20        9142         8644    9.00    46.18
82073247     100    full       9.88     17.92       1.10        0.20        4659            9    9.00    49.42
82073347     100    full       9.62     15.52       1.07        0.20         978          526    9.00    46.98
82073447     100    full       9.52     16.89       1.06        0.20        1974         1476    9.00    46.57
82073547     100    full      10.32     17.63       1.15        0.22        2864         2436    9.00    47.86
82073647     100    full       9.68     17.52       1.08        0.19        3781         3316    9.00    49.73
82073747     100    full      10.03     15.97       1.11        0.20        4711         4260    9.00    50.17
82073847     100    full      10.64     25.81       1.18        0.21        5595         5170    9.00    51.43
82073947     100    full      10.26     23.11       1.14        0.20        6453         6017    9.00    52.07
82074047     100    full      10.20     23.84       1.13        0.19        7343         6897    9.00    52.38
82074147     100    full      10.56     33.50       1.17        0.21        8214         7792    9.00    50.53
82074247     100    full      10.05     16.17       1.12        0.20        9098         8649    9.00    50.94
82074347     100    full       9.15     16.11       1.02        0.18        5031           12    9.00    49.74
82074447     100    full       9.36     15.78       1.04        0.19        1035          552    9.00    48.04
82074547     100    full       9.59     16.17       1.07        0.19        1994         1523    9.00    49.40
82074647     100    full       9.90     16.62       1.10        0.21        2929         2473    9.00    48.28
82074747     100    full       9.08     15.70       1.01        0.20        3887         3397    9.00    44.49
82074847     100    full       9.24     15.79       1.03        0.20        4912         4404    9.00    45.38
82074947     100    full       9.49     17.56       1.05        0.21        5862         5392    9.00    45.98
82075047     100    full      10.00     16.98       1.11        0.21        6810         6353    9.00    47.23
82075147     100    full      10.00     17.20       1.11        0.22        7719         7266    9.00    46.42
82075247     100    full       9.53     18.26       1.06        0.21        8645         8177    9.00    45.93
82075347     100    full       9.19     17.59       1.02        0.21        8719            9    9.00    44.18
82075447     100    full       8.74     15.24       0.97        0.21         628          105    9.00    42.42
82075547     100    full       8.66     14.52       0.96        0.21        1662         1147    9.00    41.38
82075647     100    full       9.27     16.52       1.03        0.22        2687         2193    9.00    42.44
82075747     100    full       9.24     15.89       1.03        0.21        3667         3176    9.00    43.60
82075847     100    full       9.11     16.65       1.01        0.21        4653         4165    9.00    44.32
82075947     100    full       9.44     16.12       1.05        0.21        5642         5162    9.00    44.62
82076047     100    full       8.84     16.61       0.98        0.20        6631         6131    9.00    43.55
82076147     100    full       9.27     15.59       1.03        0.21        7651         7160    9.00    44.05
82076247     100    full       9.98     23.40       1.11        0.22        8628         8146    9.00    45.95
82076347     100    full      10.40     20.81       1.16        0.22        9495         9060    9.00    48.14
82076447     100    full       9.62     15.52       1.07        0.20        1491            9    9.00    47.39
82076547     100    full      10.30     16.40       1.14        0.23        1307          868    9.00    45.73
82076647     100    full      10.03     16.72       1.11        0.21        2164         1748    9.00    47.86
82076747     100    full       9.41     18.09       1.05        0.19        3127         2636    9.00    48.63
82076847     100    full       9.38     20.31       1.04        0.19        4080         3605    9.00    49.41
82076947     100    full       9.27     16.72       1.03        0.19        5072         4578    9.00    48.57
82077047     100    full       9.71     17.86       1.08        0.20        6034         5560    9.00    49.46
82077147     100    full       9.74     16.39       1.08        0.19        6980         6501    9.00    50.18
82077247     100    full      10.58     19.38       1.18        0.20        7867         7440    9.00    54.13
82077347     100    full      10.52     19.59       1.17        0.19        8710         8293    9.00    54.63
82077447     100    full       9.95     17.11       1.11        0.18        9304           10    9.00    53.97
82077547     100    full       9.33     17.71       1.04        0.18         539           40    9.00    51.76
82077647     100    full       9.38     16.09       1.04        0.19        1495         1018    9.00    49.14
82077747     100    full       9.57     23.75       1.06        0.20        2470         1990    9.00    48.64
82077847     100    full       9.85     19.46       1.09        0.21        3414         2948    9.00    46.53
82077947     100    full       9.57     18.71       1.06        0.21        4344         3878    9.00    46.24
82078047     100    full       8.59     15.67       0.95        0.19        5354         4836    9.00    44.78
82078147     100    full      10.05     17.02       1.12        0.22        6353         5887    9.00    46.34
82078247     100    full      10.00     17.58       1.11        0.22        7235         6796    9.00    46.46
82078347     100    full       9.88     18.96       1.10        0.22        8163         7706    9.00    45.95
82078447     100    full       9.44     16.19       1.05        0.21        9108         8631    9.00    44.49
82078547     100    full       8.79     19.46       0.98        0.20        4772           11    9.00    44.57
82078647     100    full       8.93     15.36       0.99        0.20        1098          597    9.00    44.35
82078747     100    full       9.38     17.81       1.04        0.22        2090         1607    9.00    43.37
82078847     100    full       9.45     16.03       1.05        0.21        3049         2580    9.00    44.04
82078947     100    full       8.69     14.91       0.97        0.20        4064         3546    9.00    43.79
82079047     100    full       9.51     15.89       1.06        0.21        5076         4591    9.00    45.83
82079147     100    full       9.78     16.97       1.09        0.21        6007         5556    9.00    46.71
82079247     100    full       9.06     16.90       1.01        0.20        6981         6489    9.00    44.45
82079347     100    full       9.55     19.26       1.06        0.21        7986         7493    9.00    45.51
82079447     100    full       9.83     18.02       1.09        0.22        8914         8454    9.00    45.28
82079547     100    full       9.60     16.09       1.07        0.21        6551           10    9.00    45.67
82079647     100    full       8.29     13.23       0.92        0.20         867          336    9.00    42.31
82079747     100    full       8.78     15.28       0.98        0.20        1931         1417    9.00    43.60
82079847     100    full       8.96     15.21       1.00        0.20        2961         2450    9.00    45.67
82079947     100    full       9.44     15.40       1.05        0.20        3956         3463    9.00    48.06
82080047     100    full      10.03     24.07       1.11        0.21        4905         4433    9.00    47.95
82080147     100    full       9.20     15.11       1.02        0.19        5823         5338    9.00    49.42
82080247     100    full       9.30     16.82       1.03        0.18        6835         6331    9.00    51.09
82080347     100    full      10.22     18.61       1.14        0.19        7744         7309    9.00    53.96
82080447     100    full      10.49     18.90       1.17        0.19        8622         8194    9.00    55.85
82080547     100    full      10.36     18.34       1.15        0.19        9480         9051    9.00    54.53
82080647     100    full       9.63     18.12       1.07        0.18        1491            7    9.00    52.82
82080747     100    full       9.19     18.46       1.02        0.18        1353          864    9.00    51.71
82080847     100    full       8.33     16.33       0.93        0.17        2397         1856    9.00    47.82
82080947     100    full       9.70     16.78       1.08        0.20        3402         2929    9.00    47.45
82081047     100    full       9.22     17.12       1.02        0.19        4360         3869    9.00    48.11
82081147     100    full       9.31     16.79       1.03        0.19        5350         4861    9.00    47.86
82081247     100    full      10.06     16.81       1.12        0.21        6287         5840    9.00    47.37
82081347     100    full       9.64     17.26       1.07        0.20        7212         6743    9.00    47.65
82081447     100    full       8.98     21.94       1.00        0.19        8185         7685    9.00    46.41
82081547     100    full       9.50     17.12       1.06        0.22        9177         8698    9.00    44.18
82081647     100    full       8.53     16.35       0.95        0.20        3862           11    9.00    43.46
82081747     100    full       8.78     17.49       0.98        0.21        1212          709    9.00    41.36
82081847     100    full       8.32     15.43       0.92        0.22        2283         1742    9.00    37.49
82081947     100    full       7.98     14.51       0.89        0.22        3371         2824    9.00    35.94
82082047     100    full       8.50     17.72       0.94        0.22        4467         3935    9.00    38.63
82082147     100    full       9.50     16.78       1.06        0.23        5470         4995    9.00    41.26
82082247     100    full       9.53     18.98       1.06        0.22        6436         5955    9.00    42.96
82082347     100    full       9.40     16.85       1.04        0.21        7405         6911    9.00    44.29
82082447     100    full       9.85     16.65       1.09        0.23        8335         7885    9.00    43.11
82082547     100    full       9.71     18.65       1.08        0.22        9279         8812    9.00    44.41
82082647     100    full       8.60     17.10       0.96        0.20        2969            9    9.00    43.48
82082747     100    full       9.28     16.18       1.03        0.22        1268          790    9.00    42.13
82082847     100    full       8.53     16.95       0.95        0.21        2283         1769    9.00    40.89
82082947     100    full       8.68     16.35       0.96        0.20        3355         2827    9.00    42.91
82083047     100    full       8.97     15.98       1.00        0.21        4378         3871    9.00    43.07
82083147     100    full       8.94     15.64       0.99        0.21        5393         4884    9.00    42.83
82083247     100    full       9.46     16.73       1.05        0.21        6371         5902    9.00    44.97
82083347     100    full       9.55     19.95       1.06        0.21        7333         6863    9.00    45.00
82083447     100    full       8.99     16.56       1.00        0.20        8312         7818    9.00    44.93
82083547     100    full       8.58     15.22       0.95        0.20        9351         8829    9.00    43.58
82083647     100    full       8.33     16.27       0.93        0.20        1818           11    9.00    41.77
82083747     100    full       8.45     16.62       0.94        0.22        1464          946    9.00    39.20
82083847     100    full       7.30     14.03       0.81        0.19        2594         2012    9.00    37.57
82083947     100    full       8.33     14.26       0.93        0.21        3739         3192    9.00    38.87
82084047     100    full       8.16     14.32       0.91        0.21        4802         4266    9.00    38.74
82084147     100    full       7.89     20.31       0.88        0.20        5927         5363    9.00    39.77
82084247     100    full       9.09     16.88       1.01        0.21        6976         6486    9.00    43.42
82084347     100    full       9.18     14.31       1.02        0.20        7984         7486    9.00    45.10
82084447     100    full       8.72     15.43       0.97        0.19        8994         8479    9.00    45.39
82084547     100    full       7.89     15.45       0.88        0.18        4760           13    9.00    45.02
82084647     100    full       8.59     14.68       0.95        0.19        1164          638    9.00    46.08
82084747     100    full       8.95     16.57       0.99        0.20        2190         1694    9.00    45.55
82084847     100    full       9.36     15.95       1.04        0.20        3187         2710    9.00    45.85
82084947     100    full       9.41     17.39       1.05        0.20        4167         3680    9.00    47.01
82085047     100    full       9.35     17.12       1.04        0.20        5134         4653    9.00    47.64
82085147     100    full      10.08     17.91       1.12        0.20        6083         5632    9.00    49.30
82085247     100    full       9.49     16.62       1.05        0.20        7007         6533    9.00    48.36
82085347     100    full       9.47     16.41       1.05        0.19        7975         7500    9.00    49.81
82085447     100    full       9.70     17.54       1.08        0.20        8926         8467    9.00    48.83
82085547     100    full       8.66     16.17       0.96        0.18        6007           10    9.00    48.43
82085647     100    full       9.24     19.07       1.03        0.19         916          431    9.00    47.69
82085747     100    full       8.52     16.67       0.95        0.20        1938         1418    9.00    41.77
82085847     100    full       8.14     14.34       0.90        0.20        3023         2474    9.00    41.67
82085947     100    full       8.66     14.24       0.96        0.20        4099         3577    9.00    43.25
82086047     100    full       9.21     13.84       1.02        0.21        5116         4624    9.00    43.83
82086147     100    full       8.54     15.30       0.95        0.19        6129         5615    9.00    45.91
82086247     100    full       8.15     17.34       0.91        0.18        7202         6666    9.00    45.28
82086347     100    full       9.79     19.08       1.09        0.21        8228         7765    9.00    47.42
82086447     100    full       9.48     17.78       1.05        0.20        9164         8698    9.00    47.77
82086547     100    full       8.25     17.71       0.92        0.18        3781           13    9.00    46.57
82086647     100    full       9.28     16.42       1.03        0.20        1232          738    9.00    46.10
82086747     100    full       9.00     15.75       1.00        0.19        2211         1717    9.00    46.60
82086847     100    full       8.39     15.43       0.93        0.18        3252         2724    9.00    46.08
82086947     100    full       9.58     16.00       1.06        0.20        4279         3796    9.00    47.68
82087047     100    full       9.26     16.14       1.03        0.20        5233         4749    9.00    46.46
82087147     100    full       8.86     19.36       0.98        0.19        6241         5734    9.00    45.60
82087247     100    full       9.53     15.25       1.06        0.21        7235         6759    9.00    45.48
82087347     100    full       8.94     17.72       0.99        0.20        8209         7716    9.00    43.73
82087447     100    full       8.52     13.35       0.95        0.19        9236         8731    9.00    44.82
82087547     100    full       8.91     20.79       0.99        0.20        2868           14    9.00    45.54
82087647     100    full       9.45     18.63       1.05        0.21        1207          755    9.00    44.32
82087747     100    full       7.97     14.27       0.89        0.18        2267         1720    9.00    43.18
82087847     100    full       8.10     15.92       0.90        0.20        3379         2832    9.00    41.50
82087947     100    full       8.77     14.88       0.97        0.20        4451         3934    9.00    43.81
82088047     100    full       8.42     20.44       0.94        0.19        5498         4968    9.00    45.32
82088147     100    full       9.39     18.99       1.04        0.20        6533         6039    9.00    46.54
82088247     100    full       9.52     16.60       1.06        0.20        7480         7015    9.00    47.64
82088347     100    full       8.84     15.11       0.98        0.19        8468         7974    9.00    47.79
82088447     100    full       9.60     16.96       1.07        0.20        9492         9000    9.00    49.05
82088547     100    full       8.99     16.91       1.00        0.19        1148            7    9.00    48.08
82088647     100    full       7.88     13.98       0.88        0.17        1506          953    9.00    45.44
82088747     100    full       9.08     16.18       1.01        0.20        2577         2077    9.00    46.18
82088847     100    full       9.22     28.34       1.02        0.20        3572         3079    9.00    46.31
82088947     100    full       9.27     16.09       1.03        0.20        4554         4069    9.00    46.64
82089047     100    full       8.50     14.81       0.94        0.20        5567         5050    9.00    42.11
82089147     100    full       9.32     16.78       1.04        0.21        6595         6109    9.00    43.37
82089247     100    full       8.76     15.41       0.97        0.20        7603         7087    9.00    43.96
82089347     100    full       8.46     14.83       0.94        0.19        8646         8123    9.00    43.54
82089447     100    full       9.14     16.29       1.02        0.21        8170            9    9.00    44.39
82089547     100    full       8.55     15.04       0.95        0.19         702          168    9.00    45.65
82089647     100    full       8.61     15.86       0.96        0.19        1750         1225    9.00    46.31
82089747     100    full       9.31     15.33       1.03        0.21        2757         2274    9.00    45.15
82089847     100    full       8.79     15.58       0.98        0.20        3762         3256    9.00    44.55
82089947     100    full       8.56     16.02       0.95        0.19        4825         4292    9.00    45.54
82090047     100    full       9.46     16.20       1.05        0.20        5841         5352    9.00    46.28
82090147     100    full       8.88     16.45       0.99        0.19        6812         6316    9.00    46.98
82090247     100    full       8.77     17.72       0.97        0.19        7862         7340    9.00    46.34
82090347     100    full       9.67     22.95       1.07        0.21        8851         8377    9.00    46.86
82090447     100    full       9.02     20.65       1.00        0.19        7001           12    9.00    46.47
82090547     100    full       8.46     17.68       0.94        0.19         864          325    9.00    45.10
82090647     100    full       9.18     16.02       1.02        0.21        1897         1391    9.00    43.10
82090747     100    full       8.98     16.75       1.00        0.20        2879         2383    9.00    45.20
82090847     100    full       8.56     15.35       0.95        0.19        3920         3398    9.00    45.22
82090947     100    full       8.38     14.45       0.93        0.19        4982         4452    9.00    44.25
82091047     100    full       8.64     15.79       0.96        0.19        6045         5522    9.00    46.10
82091147     100    full       9.33     19.29       1.04        0.19        7053         6566    9.00    49.04
82091247     100    full       9.79     18.52       1.09        0.20        7995         7541    9.00    48.30
82091347     100    full       9.14     15.01       1.02        0.19        8967         8475    9.00    47.43
82091447     100    full       8.54     18.38       0.95        0.18        5285            5    9.00    48.82
82091547     100    full       9.81     17.98       1.09        0.20         992          528    9.00    49.18
82091647     100    full       8.92     14.78       0.99        0.18        1954         1451    9.00    48.74
82091747     100    full       8.61     16.20       0.96        0.19        3004         2472    9.00    46.38
82091847     100    full       9.34     15.09       1.04        0.21        4000         3521    9.00    45.50
82091947     100    full       9.25     16.67       1.03        0.20        4971         4494    9.00    46.58
82092047     100    full       9.11     16.51       1.01        0.20        5972         5475    9.00    46.40
82092147     100    full      10.03     15.98       1.11        0.21        6919         6469    9.00    48.09
82092247     100    full       9.34     15.14       1.04        0.20        7853         7374    9.00    45.70
82092347     100    full       9.03     16.76       1.00        0.19        8837         8349    9.00    46.76
82092447     100    full       8.62     16.96       0.96        0.19        6557           10    9.00    45.97
82092547     100    full       8.66     15.18       0.96        0.20         896          382    9.00    43.83
82092647     100    full       8.43     18.44       0.94        0.19        1968         1428    9.00    43.38
82092747     100    full       8.60     14.91       0.96        0.20        3018         2496    9.00    43.72
82092847     100    full       8.51     16.70       0.95        0.19        4068         3549    9.00    44.51
82092947     100    full       8.91     16.25       0.99        0.19        5112         4604    9.00    46.55
82093047     100    full       9.41     16.28       1.05        0.20        6113         5627    9.00    46.35
82093147     100    full       8.85     16.16       0.98        0.19        7097         6600    9.00    45.64
82093247     100    full       8.72     17.42       0.97        0.19        8155         7627    9.00    46.05
82093347     100    full       9.74     16.13       1.08        0.21        9130         8667    9.00    46.82
82093447     100    full       9.05     15.91       1.01        0.20        4582           11    9.00    46.30
82093547     100    full       8.67     14.60       0.96        0.20        1096          593    9.00    44.21
82093647     100    full       9.34     16.80       1.04        0.21        2136         1631    9.00    44.90
82093747     100    full       9.66     17.06       1.07        0.21        3070         2606    9.00    45.97
82093847     100    full       9.04     16.12       1.00        0.21        4040         3545    9.00    43.72
82093947     100    full       8.94     16.60       0.99        0.20        5055         4552    9.00    43.99
82094047     100    full       8.86     16.52       0.98        0.20        6078         5573    9.00    43.67
82094147     100    full       8.21     14.77       0.91        0.19        7136         6603    9.00    42.92
82094247     100    full       8.46     15.46       0.94        0.19        8223         7689    9.00    45.07
82094347     100    full       8.98     15.42       1.00        0.20        9263         8751    9.00    45.37
82094447     100    full       8.24     14.50       0.92        0.18        2888           13    9.00    45.83
82094547     100    full       9.30     17.77       1.03        0.20        1335          837    9.00    46.79
82094647     100    full       9.40     15.66       1.04        0.19        2297         1822    9.00    48.39
82094747     100    full       8.89     15.13       0.99        0.18        3298         2793    9.00    48.57
82094847     100    full       9.38     15.34       1.04        0.19        4299         3812    9.00    48.29
82094947     100    full       8.95     15.55       0.99        0.19        5286         4784    9.00    47.95
82095047     100    full       9.59     19.84       1.07        0.19        6261         5801    9.00    50.43
82095147     100    full       9.83     19.47       1.09        0.20        7220         6753    9.00    48.62
82095247     100    full       9.65     19.65       1.07        0.19        8140         7679    9.00    49.58
82095347     100    full       9.76     17.15       1.08        0.20        9077         8621    9.00    49.53
82095447     100    full       9.14     14.76       1.02        0.18        5214           10    9.00    50.14
82095547     100    full       9.48     16.61       1.05        0.19         994          520    9.00    49.99
82095647     100    full       9.27     17.19       1.03        0.19        1976         1481    9.00    49.96
82095747     100    full       9.29     16.16       1.03        0.19        2953         2461    9.00    48.31
82095847     100    full       8.84     15.33       0.98        0.20        3927         3442    9.00    44.75
82095947     100    full       8.45     21.18       0.94        0.19        4992         4463    9.00    43.88
82096047     100    full       8.76     16.24       0.97        0.19        6042         5526    9.00    45.33
82096147     100    full       9.35     18.29       1.04        0.20        7049         6561    9.00    46.82
82096247     100    full       8.64     14.14       0.96        0.19        8057         7539    9.00    45.95
82096347     100    full       9.28     17.18       1.03        0.19        9090         8590    9.00    47.60
82096447     100    full       9.27     17.55       1.03        0.19        5130           10    9.00    49.30
82096547     100    full       9.29     15.67       1.03        0.20        1004          532    9.00    46.00
82096647     100    full       8.99     16.75       1.00        0.20        2017         1508    9.00    44.26
82096747     100    full       9.21     14.34       1.02        0.20        3003         2521    9.00    45.14
82096847     100    full       8.96     14.97       1.00        0.20        4012         3510    9.00    44.71
82096947     100    full       9.16     16.39       1.02        0.20        5017         4525    9.00    44.93
82097047     100    full       9.16     14.90       1.02        0.21        6005         5517    9.00    44.44
82097147     100    full       8.42     15.96       0.94        0.19        7036         6511    9.00    43.85
82097247     100    full       8.56     15.05       0.95        0.20        8100         7575    9.00    43.25
82097347     100    full       8.62     13.51       0.96        0.20        9153         8627    9.00    43.66
82097447     100    full       8.17     14.84       0.91        0.19        3414           11    9.00    43.89
82097547     100    full       8.62     14.56       0.96        0.20        1288          769    9.00    43.78
82097647     100    full       9.32     15.60       1.04        0.21        2310         1821    9.00    45.28
82097747     100    full       9.01     15.63       1.00        0.19        3299         2803    9.00    46.38
82097847     100    full       8.55     15.40       0.95        0.19        4336         3812    9.00    45.20
82097947     100    full       9.13     16.53       1.01        0.20        5361         4871    9.00    44.56
82098047     100    full       9.18     17.19       1.02        0.21        6364         5868    9.00    44.56
82098147     100    full       8.89     14.97       0.99        0.20        7362         6859    9.00    44.11
82098247     100    full       9.09     15.38       1.01        0.21        8356         7875    9.00    43.92
82098347     100    full       9.56     17.51       1.06        0.20        9359         8874    9.00    47.26

